18 0.152040 0.416784 0.017706 0.052186
0 0.169361 0.416784 0.015396 0.057828
12 0.188607 0.416079 0.020015 0.053597
9 0.204003 0.416784 0.010778 0.052186
8 0.213626 0.416784 0.008468 0.052186
13 0.227098 0.415374 0.018476 0.057828
0 0.312548 0.385755 0.015396 0.038082
13 0.329484 0.383639 0.018476 0.039492
15 0.346035 0.383639 0.014627 0.039492
8 0.356813 0.383639 0.006928 0.039492
15 0.368360 0.382934 0.014627 0.040903
4 0.383757 0.382934 0.016166 0.040903
13 0.400693 0.382934 0.017706 0.040903
29 0.326020 0.423131 0.011547 0.039492
35 0.339492 0.424542 0.012317 0.045134
35 0.351809 0.424542 0.012317 0.045134
48 0.367975 0.428773 0.020015 0.036671
42 0.384911 0.432299 0.013857 0.043724
