12 0.164742 0.390691 0.053888 0.152327
8 0.200154 0.279267 0.046189 0.090268
13 0.260200 0.232722 0.056967 0.112835
14 0.339492 0.270804 0.066205 0.118477
11 0.376828 0.404795 0.057737 0.107193
19 0.313703 0.631876 0.063895 0.101551
17 0.224018 0.607898 0.058507 0.121298
12 0.618168 0.380113 0.058507 0.131171
8 0.653965 0.281382 0.053118 0.086037
13 0.717860 0.232722 0.070054 0.124118
14 0.796382 0.275740 0.060816 0.114245
11 0.828329 0.409027 0.063125 0.110014
19 0.765589 0.633992 0.050038 0.117066
17 0.678984 0.605783 0.063125 0.125529
