11 0.210547 0.493653 0.031563 0.073343
8 0.206697 0.417489 0.046959 0.039492
19 0.217090 0.350494 0.041570 0.063470
7 0.260970 0.310296 0.041570 0.076164
8 0.309084 0.332158 0.034642 0.074753
20 0.336028 0.389281 0.042340 0.064880
12 0.330254 0.487306 0.049269 0.074753
11 0.666282 0.490832 0.039261 0.062059
8 0.659738 0.413258 0.044650 0.039492
19 0.675135 0.349788 0.036952 0.078984
63 0.718245 0.308886 0.036952 0.070522
8 0.760200 0.330748 0.033102 0.080395
20 0.790608 0.387165 0.049269 0.057828
12 0.784834 0.490832 0.043880 0.095910
