18 0.210931 0.404795 0.029253 0.081805
12 0.249423 0.405501 0.032333 0.088858
33 0.293303 0.409027 0.030793 0.081805
5 0.331024 0.407616 0.026174 0.078984
29 0.237490 0.505642 0.030023 0.074753
35 0.274057 0.502821 0.033872 0.074753
35 0.309469 0.504231 0.035412 0.077574
19 0.642802 0.407616 0.024634 0.070522
0 0.672440 0.394922 0.025404 0.081805
6 0.701309 0.390691 0.027714 0.073343
0 0.729407 0.396333 0.030023 0.067701
12 0.759430 0.392807 0.036182 0.074753
4 0.789838 0.398449 0.026174 0.074753
19 0.819861 0.409027 0.030793 0.081805
