12 0.181293 0.442877 0.016166 0.039492
44 0.194765 0.443583 0.004619 0.038082
49 0.203233 0.451340 0.012317 0.036671
50 0.215550 0.452045 0.012317 0.035261
38 0.226713 0.451340 0.010008 0.033850
44 0.234796 0.444993 0.006159 0.046544
49 0.243649 0.449929 0.013087 0.028209
12 0.299846 0.444993 0.019246 0.043724
44 0.312548 0.444288 0.006159 0.045134
49 0.321016 0.447109 0.010778 0.033850
50 0.332564 0.447814 0.012317 0.032440
38 0.345651 0.447814 0.013857 0.032440
44 0.354119 0.442877 0.003079 0.042313
49 0.364126 0.448519 0.015396 0.036671
